192271
192307
197591
214336
214356
214422
214518
214606
214777
214840
214967
214999
215264
215314
215391
215555
215918
215944
221275
221300
221335
221415
221641
222633
223271
231330
232459
232478
232492
232541
240004
240325
240533
240803
240903
241012
241266
241369
241738
249519
249534
249542
249588
249619
249622
252658
252687
252737
252754
252931
258981
261396
261404
261417
262501
263548
263567
263578
263584
263602
263625
265696
265697
265699
265700
265701
265702
265703
265704
265705
265706
265708
265709
265711
265712
265714
265715
267016
267021
267029
267043
267064
395922
396242
396281